173.7911738512 113.3452733433 155.4716451875
194.2866940143 116.6800688739 108.4807578970
123.7591559330 114.2051325809 107.0909626922
272.8702432104 121.6299414593 108.1594848473
191.1994402197 174.8410717529 107.5742361980
198.6177214458 60.3752682141 108.5117938103
223.3664496244 131.5296866302 108.6891418856
225.2226042378 145.1418362404 108.7024429913
0.0000000000 0.0000000000 0.0000000000
0.0000000000 0.0000000000 0.0000000000
227.0437355709 132.4037341371 82.3010350955
227.7750315343 106.4232390858 82.7384491707
173.2502750623 116.6800688737 108.3300120327
148.5078841118 114.8238666541 107.2683107678
159.1040903623 142.1596506967 64.3920806240
161.9171454948 91.3645201117 62.1996820437
